9789792243161
9786022912002
9786025350382
9789792250589
9786021318690
9789792238464
97803335221165
9781784430467
979732902
9786022080336
9789792438703
9792324321
9789792322156
9786020316727
97800072755946
9789797576516
9789792704051
9786024120566
9786021389348
9786020011813
9786021318638
9786024122911
9786021767504
9789794619988
9781906438722
9790075685
9789792439366
9786024241056
9789792246841
9781449474256
9789791275330
9789796555222
9789792213508
9786023751136
9780749259747
9780749259747
9781782490913
9780316679077
9780141003146
9786239073909




